4_bit
A(0) A(1) A(2) A(3) B(0) B(1) B(2) B(3) Cin
31
61
62
63
91
92
93
94
95
121
122
123
124
125
126
127
151
152
153
154
155
156
157
158
159
181
182
183
184
185
186
187
188
189
190
191
211
212
213
214
215
216
217
218
219
220
221
222
223
241
242
243
244
245
246
247
248
249
250
251
252
253
254
255
271
272
273
274
275
276
277
278
279
280
281
282
283
284
285
286
287
301
302
303
304
305
306
307
308
309
310
311
312
313
314
315
316
317
318
319
331
332
333
334
335
336
337
338
339
340
341
342
343
344
345
346
347
348
349
350
351
361
362
363
364
365
366
367
368
369
370
371
372
373
374
375
376
377
378
379
380
381
382
383
391
392
393
394
395
396
397
398
399
400
401
402
403
404
405
406
407
408
409
410
411
412
413
414
415
421
422
423
424
425
426
427
428
429
430
431
432
433
434
435
436
437
438
439
440
441
442
443
444
445
446
447
451
452
453
454
455
456
457
458
459
460
461
462
463
464
465
466
467
468
469
470
471
472
473
474
475
476
477
478
479
481
482
483
484
485
486
487
488
489
490
491
492
493
494
495
496
497
498
499
500
501
502
503
504
505
506
507
508
509
510
511
